user_id	village_id	population	x	y
32068	127439	43	206	8
35588	125909	459	212	11
32068	127438	131	205	8
35588	125399	14	214	12
34615	131538	734	209	0
27823	131023	54	206	1
36859	126938	7	217	9
36859	126426	53	217	10
32671	127947	95	202	7
33171	123858	567	209	15
36818	126427	2	218	10
37383	131034	48	217	1
29953	129994	64	201	3
36889	128989	224	220	5
33171	122322	11	209	18
39438	127455	8	222	8
29953	130504	174	199	2
32491	122317	283	204	18
38973	130015	134	222	3
39770	127968	2	223	7
39770	128480	480	223	6
31363	131527	197	198	0
30715	125382	135	197	12
38227	122848	439	223	17
29876	131010	436	193	1
2643	126913	46	192	9
40758	131556	28	227	0
27485	130497	12	192	2
29048	131009	695	192	1
39060	119261	379	220	24
41214	123366	494	229	16
30211	118727	273	198	25
20917	118241	31	224	26
