 numv  distance     user      village   pop    x    y
    3   4.12311    32068       127439    43  206    8
    2   4.47214    35588       125909   459  212   11
    3   5.09902    32068       127438   131  205    8
    2   6.40312    35588       125399    14  214   12
    2   7.07107    34615       131538   734  209    0
    3    7.2111    27823       131023    54  206    1
    2   7.28011    36859       126938     7  217    9
    2   7.61577    36859       126426    53  217   10
    2         8    32671       127947    95  202    7
    2   8.06226    33171       123858   567  209   15
    1     8.544    36818       126427     2  218   10
    1   9.21954    37383       131034    48  217    1
    2   9.84886    29953       129994    64  201    3
    1    10.198    36889       128989   224  220    5
    2   11.0454    33171       122322    11  209   18
    1   12.0416    39438       127455     8  222    8
    2    12.083    29953       130504   174  199    2
    1     12.53    32491       122317   283  204   18
    1   12.6491    38973       130015   134  222    3
    2        13    39770       127968     2  223    7
    2   13.0384    39770       128480   480  223    6
    1   13.8924    31363       131527   197  198    0
    1   13.9284    30715       125382   135  197   12
    1   16.4012    38227       122848   439  223   17
    4   18.0278    29876       131010   436  193    1
    3   18.1108     2643       126913    46  192    9
    1   18.3848    40758       131556    28  227    0
    2   18.6815    27485       130497    12  192    2
    2   18.9737    29048       131009   695  192    1
    1   19.7231    39060       119261   379  220   24
    1   21.0238    41214       123366   494  229   16
    1   21.6333    30211       118727   273  198   25
    3   23.6008    20917       118241    31  224   26
