126913
116125
112541
115101
120220
116639
115104
123296
102300
118241
128425
127403
125864
112040
101796
98211
107432
104361
110001
115118
98727
112558
124853
104880
113592
130497
108984
103351
131023
121277
110014
106426
131009
118206
125377
131010
129994
118727
106943
125382
113090
101825
116679
131527
104905
127438
122317
127947
122322
99271
107979
108494
125399
130008
112092
111064
126426
128989
110549
131034
99283
122848
100824
104415
101848
130015
109019
119261
106461
127455
128480
100827
110561
100831
115173
131556
123366
102368
102881
114150
116201
115688
121835
108518
98787
107495
102885
126441
103400
106988
100838
129522
98276
121837
113643
105961
119790
128501
127987
116723
111091
125939
111087
108014
121844
120819
119801
104948
102384
101871
101361
125432
112629
99826
123383
102897
111095
108536
99830
105463
98293
100345
100346
98298
